1521288971
1521288991
1521289001
1521289019
1521289027
1521289037
1521289057
1521289061
1521289103
1521289117
1521289127
1521289201
1521289219
1521289241
1521289243
1521289249
1521289271
1521289277
1521289291
1521289313
1521289327
1521289411
1521289459
1521289493
1521289499
1521289579
1521289589
1521289607
1521289613
1521289639
1521289661
1521289681
1521289699
1521289723
1521289729
1521289741
1521289747
1521289771
1521289813
1521289831
1521289849
1521289879
1521289901
1521289907
1521289951
1521289961
1521289969
1521289993
1521290003
1521290011
10000000019
10000000033
10000000061
10000000069
10000000097
10000000103
10000000121
10000000141
10000000147
10000000207
10000000259
10000000277
10000000279
10000000319
10000000343
10000000391
10000000403
10000000469
10000000501
10000000537
10000000583
10000000589
10000000597
10000000601
10000000631
10000000643
10000000649
10000000667
10000000679
10000000711
10000000723
10000000741
10000000753
10000000793
10000000799
10000000807
10000000877
10000000883
10000000889
10000000949
10000000963
10000000991
10000000993
10000000999
10000001041
10000361953
10000361963
10000361977
10000361993
10000362049
10000362077
10000362107
10000362121
10000362133
10000362139
10000362157
10000362221
10000362259
10000362271
10000362311
10000362329
10000362341
10000362373
10000362403
10000362409
10000362413
10000362419
10000362431
10000362433
10000362457
10000362461
10000362497
10000362503
10000362527
10000362569
10000362629
10000362649
10000362653
10000362661
