2061525591155626035
243528627320602924
2069616870110414997
1293752903264235750
618863231180347270
1499238007953371089
1651343375266216423
31172671022081302
1733254184489218629
856910785937735067
492621918054468422
2054454319326496153
1802536731962905057
1331189440939219913
1203614175758895395
57235348872391325
1359592836024648791
315521006524117378
1565804195587577708
1051950299477089140
1215440827547218497
1584982034389920379
1760348633855067037
1971368797572307010
1800679996426410936
634494250113853618
1664383217800397926
186306814413388500
1344876856741870388
597874957854199120
