297573297151759596
1238630234208753938
266980779952382402
2034248676104210027
28509061981244223
882051360612490845
1451148042433341821
1419785984218917706
538202540902779589
2041092059015533384
18276967203806915
275695302477482212
1866706226178983258
2295361468825221556
2135124665579221284
25238340220970721
1482772939444700461
1974658241662068209
1899316917401209404
283350555355442899
1179175707873488707
338507574500909597
640709404789831584
868825619819456253
865371172260252656
878719285688831629
728684777704354225
101767583658041552
166868013850259218
1126503992591466315
